 0  5
21 22
  32   28   24   19   17   12   12   13   14   19   17   16   16   15   18   16   21   23   17   26   23   25   19   21   23   18   19   20   20   13   13   19   20   24   21   23   36   38   45   52
  38   30   25   30   24   21   16   18   16   16   20   24   17   27   26   21   25   26   25   28   28   25   27   23   20   26   23   18   19   16   21   14   19   23   19   21   26   30   40   45
  49   38   37   36   33   24   22   24   25   21   28   23   28   27   33   36   30   33   33   38   36   41   38   31   35   34   27   32   22   26   24   23   25   19   22   26   27   30   29   36
  65   51   48   42   35   31   30   30   30   30   29   29   34   42   38   40   48   45   45   53   47   53   51   41   41   42   43   39   30   28   31   22   22   21   25   27   26   24   30   34
  79   70   60   50   50   45   39   40   36   39   35   44   46   51   55   51   56   64   64   64   58   65   65   60   55   56   49   51   47   42   34   37   32   23   22   25   29   27   27   28
  90   82   69   61   56   49   44   49   41   41   50   50   60   62   69   66   73   74   77   82   77   82   79   72   78   72   66   63   54   46   41   44   38   33   27   25   28   24   23   31
 112   96   88   77   73   61   59   55   56   60   55   60   70   77   78   87   90  100   98   97  100   98   95   96   95   87   85   77   74   58   57   51   39   34   29   25   30   27   26   25
 135  121  105   91   82   69   64   63   62   71   70   78   86   90  101  105  116  118  119  128  130  129  124  118  113  111  102   99   87   75   69   58   50   43   43   29   29   23   21   23
 158  136  119  107   89   84   78   73   81   79   88   96   98  108  121  127  131  142  145  154  155  159  150  153  140  133  130  118  104   92   84   73   66   56   41   44   37   26   21   27
 180  152  141  117  108  100   93   90   86   97   99  108  120  129  139  155  165  168  179  181  186  192  188  180  178  169  156  144  128  116  106   86   79   65   52   40   38   35   29   23
 202  174  152  140  127  115  105  103   97  104  111  125  134  152  165  180  190  200  213  220  217  225  227  219  208  198  189  175  155  142  120  105   95   78   61   54   42   31   30   25
 221  199  167  156  139  119  120  111  114  123  129  142  155  171  183  204  214  227  242  251  258  263  265  253  247  231  217  206  184  170  145  130  110   91   77   63   50   40   29   21
 241  217  189  170  150  131  127  128  122  130  142  157  177  189  205  228  248  261  275  291  295  301  300  300  291  270  259  240  220  199  174  145  131  109   86   70   60   51   34   25
 257  230  204  178  163  149  141  135  136  140  153  173  192  215  234  256  271  292  310  329  333  339  336  335  323  312  296  269  248  226  192  173  143  125   97   80   68   48   45   30
 271  242  220  194  166  157  148  143  144  149  165  187  209  230  248  280  297  328  348  360  374  374  378  373  370  352  333  311  283  253  219  198  160  143  109   91   77   61   50   34
 282  253  228  200  173  165  153  147  157  163  181  197  221  244  275  301  331  352  374  397  405  417  414  413  409  386  362  343  308  284  250  210  181  158  131  101   78   66   51   43
 294  263  230  207  186  165  159  151  155  167  182  204  226  257  290  322  347  379  402  423  443  451  456  448  440  428  403  375  340  305  271  239  196  163  135  109   90   74   55   44
 300  271  232  205  180  168  158  159  158  169  187  209  239  262  297  330  361  394  421  448  462  482  488  479  467  449  431  402  370  326  290  251  220  182  149  126  101   79   60   42
 311  276  236  212  184  173  157  158  163  172  191  214  241  269  310  340  376  409  438  468  489  502  511  508  494  480  456  420  387  349  307  268  228  192  156  128  101   81   67   51
 312  269  237  207  189  167  163  153  166  177  191  217  243  276  310  350  390  417  448  479  504  518  529  530  521  496  473  442  407  364  323  281  242  204  170  135  103   88   66   55
 308  268  240  208  189  165  155  157  158  169  185  208  242  278  314  347  392  421  464  488  513  526  536  536  528  519  489  453  421  376  333  291  249  215  177  138  110   85   66   56
 303  265  238  203  179  167  158  147  150  167  187  209  231  272  309  341  387  423  455  489  516  535  551  543  539  528  496  467  423  387  344  301  261  213  180  143  114   93   73   53
 299  263  226  201  175  157  152  141  151  154  178  201  227  263  301  342  378  415  455  487  517  531  544  550  540  522  498  473  428  395  346  305  261  222  180  153  114   91   69   59
 291  260  223  191  173  149  148  139  140  153  163  187  222  252  285  328  371  408  444  472  506  521  532  538  539  519  494  470  434  389  350  300  261  216  182  147  119   94   76   59
 282  254  214  187  164  147  133  133  130  147  162  183  203  243  271  309  351  394  427  460  486  507  526  532  524  511  483  455  428  379  346  299  262  215  185  150  122  101   73   60
 279  240  211  178  154  135  127  128  128  136  147  162  192  223  255  298  339  371  413  437  467  494  505  510  504  495  470  449  413  376  339  294  259  218  183  146  126   93   76   59
 265  234  203  175  149  138  124  115  115  124  137  159  181  206  239  280  317  350  389  415  441  470  484  492  482  474  454  428  400  366  330  289  251  216  177  152  123   93   76   58
 253  224  185  164  139  122  113  111  112  113  122  139  163  190  220  258  292  326  365  388  416  441  455  464  462  447  438  408  381  346  316  277  241  209  181  146  126   96   78   66
 239  208  173  149  136  113  108  100   99  104  120  136  150  177  207  241  270  301  332  358  389  413  422  436  433  430  409  389  363  339  303  269  239  205  175  145  123   99   78   64
 215  188  163  143  122  101   98   87   89   90  102  112  133  160  191  213  246  275  310  328  356  377  394  405  406  403  385  369  345  320  296  263  231  199  172  143  121  100   84   62
 204  173  151  133  117   95   87   80   83   85   94  101  124  142  170  193  219  247  276  298  329  345  362  368  373  367  361  342  328  299  275  251  224  196  169  145  129  106   83   74
 180  156  136  115  102   84   83   76   69   71   85   91  109  128  150  168  193  220  250  277  296  317  328  342  341  344  335  324  310  290  266  239  222  194  170  144  130  106   87   72
 167  142  125  104   86   77   70   60   62   62   66   78   98  111  128  148  175  200  226  243  266  282  298  305  309  309  310  304  288  268  253  232  212  196  168  149  128  108   97   74
 144  122  107   90   83   70   63   55   53   58   65   75   78   96  113  131  155  170  196  212  232  255  270  280  287  285  282  277  273  256  245  222  209  186  169  151  127  113   93   83
 123  106   96   83   71   55   56   47   46   49   57   61   72   84   97  115  129  151  167  193  211  219  236  248  256  256  257  260  254  243  231  222  203  192  169  149  132  120  104   89
 106   94   81   65   57   49   47   41   42   38   45   50   58   66   80  101  111  128  147  167  183  191  213  220  225  233  238  239  232  228  220  213  204  188  173  151  143  123  109   92
  93   79   70   55   49   46   34   35   32   37   38   40   53   56   72   88   99  110  127  138  158  174  186  196  204  212  222  219  227  219  214  209  200  185  176  158  142  123  118  100
  80   68   52   52   45   39   28   34   34   30   36   36   40   51   56   72   86   98  112  126  136  149  165  174  181  197  206  207  214  214  205  206  197  185  180  166  155  132  123  101
  65   55   47   37   31   34   30   22   21   20   23   31   35   38   46   61   70   83   88  108  112  132  147  159  170  180  187  198  193  199  206  205  191  191  176  167  158  138  129  116
  48   48   38   36   24   26   24   16   23   18   27   29   32   38   44   53   60   66   82   93  103  117  129  144  152  158  170  182  188  191  197  200  194  188  185  175  165  151  137  122
