15  8
 9 30
 171  150  137  112  100   79   64   58   41   35   30   31   21   22   31   33   35   46   52   66   77   90  104  120  136  146  165  168  179  180  192  185  188  184  174  164  152  146  132  119
 164  146  123  105   98   75   67   53   48   33   26   26   27   28   26   36   46   56   64   74   86  108  126  143  157  171  185  197  201  211  215  216  205  203  185  178  163  147  142  120
 148  131  121   99   89   77   62   53   37   34   28   26   22   33   29   39   46   57   68   87  108  126  141  160  175  199  207  222  235  243  240  232  224  220  206  196  176  156  144  128
 139  125  113   97   84   65   57   44   40   36   33   30   32   29   34   47   50   63   78   96  116  141  159  180  203  225  237  248  266  263  267  262  256  242  226  211  193  167  148  135
 120  108  100   81   75   57   48   38   37   31   26   23   28   35   38   43   60   68   88  109  128  150  176  200  219  243  261  275  290  294  297  290  281  265  239  226  198  181  162  141
 104   95   89   78   61   54   51   42   34   30   29   30   31   30   38   52   63   79   93  114  138  162  190  215  240  268  283  298  309  321  318  309  293  281  259  236  219  191  166  147
  98   88   74   66   54   51   41   37   29   28   22   30   32   36   39   56   63   81   99  125  148  180  210  233  257  283  309  319  334  342  339  328  318  295  273  258  233  207  185  157
  80   69   65   53   52   44   32   26   24   21   27   24   33   38   48   52   73   88  109  132  160  184  211  246  275  297  321  341  355  355  351  345  335  318  295  269  245  218  195  165
  72   64   57   43   42   38   32   27   24   18   21   22   30   35   48   53   73   91  115  138  159  190  221  256  280  305  332  346  366  366  365  353  341  322  301  281  248  230  204  179
  54   56   41   44   35   35   23   22   22   18   20   28   31   38   48   52   75   92  110  141  160  196  228  256  281  310  337  351  362  368  371  362  347  335  308  290  256  238  211  194
  44   47   41   37   34   29   18   22   19   19   23   26   27   35   41   57   67   85  114  135  163  194  218  249  285  312  337  355  363  369  369  364  349  333  312  286  266  246  218  206
  37   39   34   30   28   20   20   22   15   15   18   18   21   34   38   58   66   84  110  127  161  187  219  245  271  299  324  341  352  364  361  354  344  326  309  288  270  255  227  210
  32   31   25   24   21   19   17   19   19   13   22   22   28   34   44   48   61   84  104  126  153  176  204  232  264  289  310  323  340  350  345  348  335  322  306  292  268  258  243  230
  34   30   27   25   21   21   21   18   17   18   16   17   28   32   38   49   60   74  100  114  137  164  190  221  250  271  292  305  319  324  335  326  316  314  296  289  274  258  250  237
  33   31   24   27   23   14   18   12   12   16   16   18   26   28   31   47   52   73   84  108  134  150  181  209  230  255  271  285  294  303  310  313  304  295  295  278  270  267  257  255
  27   30   21   19   19   16   14   16   10   12   11   23   20   27   28   39   55   69   84  102  114  139  166  186  210  232  247  265  274  279  286  294  284  288  280  275  270  272  273  265
  38   36   26   25   27   20   23   20   16   18   19   21   18   26   28   32   51   56   67   89  106  127  145  165  185  209  217  239  252  253  268  270  267  269  269  270  275  271  284  280
  44   41   38   29   29   25   22   21   21   18   16   17   19   18   25   32   39   50   59   72   92  105  129  149  161  177  194  208  220  232  242  246  250  259  265  271  279  280  292  302
  42   39   38   38   30   31   22   23   25   16   18   19   15   19   25   31   35   48   56   68   84  100  115  131  142  159  177  188  205  210  220  227  239  250  260  266  277  292  299  315
  52   57   47   43   37   39   36   29   24   22   19   18   20   16   20   31   34   41   45   57   67   83   98  111  126  139  152  175  181  194  208  217  228  235  255  267  275  299  313  330
  69   59   55   50   47   42   35   27   24   24   24   18   17   18   26   28   32   32   45   47   63   72   86   94  112  127  145  156  170  181  193  205  222  237  252  261  280  305  318  342
  84   73   69   69   55   46   47   33   29   28   21   18   18   26   19   28   28   29   40   44   60   65   80   92  100  115  125  143  156  171  183  196  215  232  245  261  280  303  328  348
 103   93   85   73   67   61   57   41   43   35   30   30   22   23   20   26   24   31   37   47   48   57   68   76   90   99  117  130  143  164  181  191  210  225  245  263  285  314  330  351
 117  110   98   93   76   70   62   49   49   38   29   27   29   26   25   30   30   27   34   38   45   55   63   78   90  102  116  122  143  151  175  187  213  232  243  274  293  318  336  361
 130  127  120  108   92   81   76   58   53   45   37   37   27   33   31   26   33   35   35   40   51   50   65   74   79  100  112  123  142  155  168  194  207  226  253  273  296  323  343  359
 151  141  128  120  103   98   83   66   62   50   49   42   39   33   33   35   34   37   39   41   53   60   62   68   78   94  112  128  137  161  170  197  212  233  252  274  295  316  342  356
 172  159  149  131  115  102   90   80   72   64   50   53   47   44   37   36   36   38   47   47   51   55   65   77   86  100  110  121  140  157  175  192  218  241  256  281  294  320  337  351
 188  175  158  149  132  116  106   91   81   73   61   54   49   46   44   51   44   49   45   55   63   62   72   79   88   98  115  132  143  166  177  204  221  237  260  276  300  318  328  350
 201  188  169  163  145  124  108   94   91   76   74   69   65   60   59   53   62   54   57   61   61   70   73   89   96  102  114  135  145  166  183  204  227  240  262  282  298  313  322  341
 206  201  184  171  152  133  120  109   95   88   86   76   68   70   69   64   70   72   74   74   73   77   82   90  102  107  122  137  157  170  191  210  222  243  262  280  293  302  320  335
 221  206  192  172  163  141  128  119  103   96   91   89   86   87   87   83   88   82   87   90   90   93   99   98  105  121  126  138  153  175  187  204  223  246  256  273  284  302  309  319
 224  211  200  180  165  155  140  126  114  110  104   99  100   98   99   95  100  102   97  101   99  103  107  112  115  127  132  150  160  174  188  210  219  235  252  269  287  290  301  309
 225  211  196  184  165  159  144  136  129  116  116  114  118  113  114  117  116  118  124  121  113  112  117  115  122  136  142  146  159  173  190  203  226  232  254  259  274  290  299  309
 218  203  191  182  167  158  151  140  139  136  131  137  129  131  134  137  144  136  140  132  132  129  132  128  131  136  142  153  160  173  188  199  219  235  246  254  267  282  291  292
 210  194  186  181  165  158  149  143  147  148  145  153  149  159  157  162  161  162  158  159  148  143  140  147  147  148  145  152  162  177  184  196  206  226  235  248  260  270  282  285
 198  187  179  176  162  157  153  155  149  150  160  166  166  178  180  181  185  185  181  172  173  165  160  149  149  153  149  157  159  166  173  186  202  214  223  235  247  265  276  281
 186  177  176  170  158  154  152  160  156  160  167  176  188  199  197  211  209  208  206  193  185  179  171  168  161  154  156  157  154  158  169  177  193  202  213  235  246  254  269  272
 170  167  155  152  153  152  150  156  161  171  185  194  204  209  222  224  229  228  220  219  206  198  179  172  162  156  150  148  154  152  160  169  184  192  206  219  237  250  262  276
 155  147  147  144  144  152  157  166  170  178  198  213  225  227  239  243  246  248  238  228  222  209  196  183  169  158  149  144  144  154  151  165  167  184  194  211  224  234  253  271
 132  136  130  135  140  143  151  158  171  192  201  222  236  242  258  257  263  266  252  246  237  218  202  193  172  163  154  149  145  141  150  147  164  167  183  201  217  225  250  256
